順位	選手名	チーム名	年齢	打率	試合数	打席	打数	得点	安打	二塁打	三塁打	本塁打	塁打	打点	盗塁	盗塁死	盗塁成功率	犠打	犠飛	四球	死球	三振	併殺打	出塁率	長打率	OPS
1	R.ローズ	横浜	32	.369	134	597	521	93	192	34	2	37	341	153	3	1	.750	0	6	63	7	81	19	.439	.655	1.093
2	関川浩一	中日	30	.330	135	591	522	74	172	28	6	4	224	60	20	11	.645	11	8	48	2	73	6	.383	.429	.812
3	鈴木尚典	横浜	27	.328	134	613	542	110	178	31	6	17	272	92	7	4	.636	1	6	57	7	109	10	.395	.502	.897
4	R.ペタジーニ	ヤクルト	28	.325	134	576	452	97	147	23	2	44	306	112	10	1	.909	0	1	116	7	91	13	.469	.677	1.146
5	高橋由伸	巨人	24	.315	118	505	454	71	143	18	2	34	267	98	3	3	.500	2	2	39	8	96	3	.378	.588	.966
6	真中満	ヤクルト	28	.308	133	574	516	71	159	33	2	7	217	46	8	6	.571	7	3	46	2	38	4	.365	.421	.786
7	緒方孝市	広島	31	.305	132	592	495	111	151	23	3	36	288	69	18	12	.600	2	2	86	7	76	6	.414	.582	.995
8	坪井智哉	阪神	25	.3038	134	583	530	75	161	30	1	5	208	43	6	10	.375	1	2	43	7	90	5	.363	.392	.755
9	松井秀喜	巨人	25	.3036	135	573	471	100	143	24	2	42	297	95	0	4	.000	0	6	93	2	99	3	.416	.631	1.047
10	矢野輝弘	阪神	31	.3035	113	418	369	39	112	13	2	3	138	27	5	2	.714	6	2	36	5	74	14	.371	.374	.745
11	古田敦也	ヤクルト	34	.302	128	548	483	79	146	26	2	13	215	71	10	3	.769	4	7	51	3	41	8	.368	.445	.813
12	前田智徳	広島	28	.301	108	428	392	53	118	17	0	12	171	65	1	1	.500	2	5	25	4	36	8	.345	.436	.781
13	仁志敏久	巨人	28	.2980	127	560	510	79	152	28	4	9	215	42	18	8	.692	9	2	39	0	72	6	.347	.422	.768
14	波留敏夫	横浜	29	.29754	130	609	568	95	169	31	5	15	255	70	21	5	.808	14	1	21	5	80	11	.328	.449	.777
15	L.ゴメス	中日	33	.297	133	560	474	84	141	19	1	36	270	109	4	1	.800	0	9	70	7	59	15	.389	.570	.959
16	井上一樹	中日	28	.296	130	499	450	40	133	18	5	10	191	65	2	0	1.000	0	4	45	0	85	7	.357	.424	.781
17	谷繁元信	横浜	29	.2951	122	491	427	55	126	23	0	11	182	51	0	1	.000	7	5	46	6	45	16	.368	.426	.794
18	清水隆行	巨人	26	.2948	116	465	424	71	125	23	1	8	174	32	15	5	.750	11	2	24	4	49	7	.337	.410	.747
19	金本知憲	広島	31	.293	135	576	502	84	147	21	2	34	274	94	10	3	.769	0	1	70	3	92	3	.382	.546	.928
20	石井琢朗	横浜	29	.292	131	622	537	108	157	24	3	8	211	58	39	11	.780	2	3	73	7	81	4	.382	.393	.775
21	駒田徳広	横浜	37	.2909	129	558	519	53	151	29	1	9	209	71	0	1	.000	0	6	31	2	84	14	.330	.403	.732
22	江藤智	広島	29	.2906	121	517	437	82	127	29	3	27	243	79	9	3	.750	0	2	75	3	80	5	.397	.556	.953
23	二岡智宏	巨人	23	.289	126	462	418	49	121	14	0	18	189	51	8	2	.800	6	3	33	2	92	7	.342	.452	.794
24	福留孝介	中日	22	.284	132	526	461	76	131	25	2	16	208	52	4	7	.364	8	2	50	5	121	3	.359	.451	.810
25	立浪和義	中日	30	.266	123	477	417	54	111	32	1	4	157	53	3	2	.600	4	4	51	1	44	14	.345	.376	.721
26	新庄剛志	阪神	27	.255	123	507	471	53	120	21	7	14	197	58	8	2	.800	2	1	23	10	72	21	.303	.418	.721
27	M.ジョンソン	阪神	32	.253	125	438	376	52	95	23	1	20	180	66	1	1	.500	0	6	53	3	78	11	.345	.479	.823
28	今岡誠	阪神	25	.252	128	503	457	36	115	11	1	6	146	39	4	9	.308	11	1	32	2	55	12	.303	.319	.622
29	宮本慎也	ヤクルト	29	.248	131	572	501	60	124	14	1	1	143	24	11	4	.733	45	0	23	3	40	6	.285	.285	.570
30	李鍾範	中日	29	.238	123	484	424	76	101	20	5	9	158	33	24	7	.774	13	2	38	7	62	6	.310	.373	.683
31	中村武志	中日	32	.200	127	439	395	31	79	12	0	6	109	42	3	1	.750	13	3	28	0	65	9	.275	.276	.551
1	イチロー	オリックス	26	.343	103	468	411	80	141	27	2	21	235	68	12	1	.923	0	5	45	7	46	5	.412	.572	.984
2	松井稼頭央	西武	24	.330	135	609	539	87	178	29	4	15	260	67	32	7	.821	8	6	56	0	75	7	.389	.482	.872
3	城島健司	ダイエー	23	.306	135	539	493	65	151	33	1	17	237	77	6	2	.750	6	1	31	8	61	13	.356	.481	.837
4	T.ローズ	近鉄	31	.301	131	565	491	94	148	38	1	40	308	101	5	2	.714	0	3	69	2	115	7	.388	.627	1.015
5	谷佳知	オリックス	26	.291	134	594	532	81	155	17	4	11	213	62	24	2	.923	8	4	48	2	40	13	.350	.400	.750
6	P.クラーク	近鉄	31	.287	134	573	509	79	146	32	0	29	265	84	4	3	.571	0	7	52	5	64	20	.354	.521	.875
7	小笠原道大	日本ハム	26	.285	135	608	547	90	156	34	4	25	273	83	3	4	.429	0	4	56	0	84	6	.349	.499	.848
8	H.プリアム	オリックス	32	.2803	122	502	446	59	125	21	0	20	206	85	0	2	.000	0	1	50	5	85	14	.359	.462	.820
9	諸積兼司	ロッテ	30	.28009	124	475	432	56	121	19	5	2	156	33	10	7	.588	14	0	28	1	74	1	.325	.361	.686
10	小坂誠	ロッテ	26	.28008	130	586	482	64	135	18	10	3	182	40	31	15	.674	42	2	57	3	59	2	.358	.378	.736
11	大島公一	オリックス	32	.2798	110	462	361	46	101	15	1	1	121	33	5	1	.833	28	3	64	6	54	2	.394	.335	.729
12	吉岡雄二	近鉄	28	.276	131	486	420	56	116	28	1	13	185	57	12	6	.667	9	1	50	6	86	9	.361	.440	.801
13	吉永幸一郎	ダイエー	30	.275	113	418	346	48	95	12	1	16	157	38	0	1	.000	0	3	69	0	88	5	.392	.454	.846
14	片岡篤史	日本ハム	30	.2742	115	489	423	59	116	19	4	15	188	63	1	1	.500	0	4	61	1	90	8	.364	.444	.808
15	金子誠	日本ハム	24	.2740	135	473	416	56	114	17	3	3	146	29	4	6	.400	18	0	38	1	65	11	.336	.351	.687
16	大友進	西武	25	.2699	130	510	415	52	112	14	4	4	146	26	13	6	.684	26	1	67	0	41	8	.371	.352	.722
17	田中幸雄	日本ハム	32	.2697	131	556	508	73	137	23	2	23	233	74	2	1	.667	0	3	39	6	132	14	.327	.459	.786
18	田口壮	オリックス	30	.269	133	569	524	77	141	21	1	9	191	56	11	6	.647	14	1	29	1	91	9	.308	.365	.673
19	松中信彦	ダイエー	26	.2684	126	462	395	57	106	20	4	23	203	71	5	2	.714	5	4	46	12	60	11	.359	.514	.873
20	小関竜也	西武	23	.2681	123	464	373	46	100	9	4	1	120	34	16	8	.667	32	2	46	11	53	6	.368	.322	.690
21	堀幸一	ロッテ	30	.266	126	493	421	57	112	28	3	8	170	50	5	2	.714	12	2	57	1	71	11	.353	.404	.757
22	柴原洋	ダイエー	25	.263	131	539	464	68	122	15	4	5	160	26	22	11	.667	15	0	58	2	86	3	.347	.345	.692
23	中村紀洋	近鉄	26	.26070	135	601	514	83	134	23	0	31	250	95	3	0	1.000	1	3	79	4	116	21	.362	.486	.848
24	鈴木健	西武	29	.26068	133	555	468	48	122	30	2	13	195	81	3	1	.750	0	7	77	2	50	11	.363	.417	.779
25	初芝清	ロッテ	32	.260	123	517	457	56	119	33	1	22	220	85	1	3	.250	0	4	54	2	77	14	.338	.481	.820
26	大村直之	近鉄	23	.259	132	533	494	54	128	19	3	2	159	36	7	9	.438	19	1	17	2	40	6	.286	.322	.608
27	秋山幸二	ダイエー	37	.256	113	420	386	41	99	16	2	12	155	44	3	2	.600	3	1	26	4	83	12	.309	.402	.711
28	野口寿浩	日本ハム	28	.240	130	420	391	33	94	22	1	7	139	46	5	4	.556	11	2	13	3	75	11	.269	.355	.624
29	M.フランクリン	日本ハム	27	.238	131	521	428	67	102	23	0	30	215	80	2	0	1.000	0	7	69	17	125	11	.361	.502	.863
30	小久保裕紀	ダイエー	28	.234	130	538	465	60	109	24	2	24	209	77	4	2	.667	3	6	62	2	103	8	.323	.449	.773
31	浜名千広	ダイエー	30	.226	119	422	354	35	80	10	4	2	104	27	5	5	.500	29	1	36	2	51	4	.300	.294	.594
32	井口忠仁	ダイエー	25	.224	116	424	370	38	83	15	1	14	142	47	14	7	.667	4	3	38	9	113	13	.310	.384	.694